start=0.000000
saturation=1.000000
aid=2
sid=2
sub-ass-override=no
video-aspect-override=0.000000
