start=1.335000
saturation=1.000000
sid=2
sub-ass-override=no
video-aspect-override=0.000000
