start=303.011000
saturation=15.000000
