start=165.415000
saturation=1.000000
vf=hqdn3d=%2%@0=3:%2%@1=2:%2%@2=6
sub-ass-override=no
video-aspect-override=0.000000
