start=4.463000
volume=70.000000
