start=501.167000
volume=97.000000
