start=123.582000
volume=62.000000
