start=70.279000
volume=58.000000
