start=185.943000
edition=0
saturation=1.000000
aid=1
sid=4
sub-ass-override=no
video-aspect-override=0.000000
