start=696.905000
saturation=1.000000
