start=517.809000
saturation=1.000000
sub-ass-override=no
video-aspect-override=0.000000
