start=310.234000
volume=98.000000
saturation=1.000000
sid=3
sub-ass-override=no
video-aspect-override=0.000000
